,batch_size,bce_pos_class_weight,cnn_filters,dropout_p,fc_size,lr,optimizer_type,sequence_length,weight_decay,tss,hss
451,1024,60,512,0.1,1536,0.005,sgd,45,0.05,0.6828,0.1867
483,1024,60,512,0.25,1536,0.005,sgd,45,0.05,0.6814,0.1637
147,512,60,192,0.1,2560,0.005,sgd,45,0.05,0.6778,0.1464
419,1024,60,192,0.25,1536,0.005,sgd,45,0.05,0.6755,0.1617
482,1024,60,512,0.25,1536,0.005,sgd,45,0.01,0.6736,0.1537
179,512,60,192,0.25,2560,0.005,sgd,45,0.05,0.6731,0.1448
438,1024,60,192,0.25,2560,0.005,adam,45,0.01,0.6721,0.1697
171,512,60,192,0.25,1536,0.05,sgd,45,0.05,0.6713,0.1562
434,1024,60,192,0.25,2560,0.005,sgd,45,0.01,0.6691,0.1683
467,1024,60,512,0.1,2560,0.005,sgd,45,0.05,0.6689,0.167
498,1024,60,512,0.25,2560,0.005,sgd,45,0.01,0.6676,0.1516
145,512,60,192,0.1,2560,0.005,sgd,40,0.05,0.6675,0.1625
232,512,60,512,0.25,1536,0.05,sgd,40,0.01,0.6672,0.1842
442,1024,60,192,0.25,2560,0.05,sgd,45,0.01,0.6669,0.1912
401,1024,60,192,0.1,2560,0.005,sgd,40,0.05,0.6656,0.1558
138,512,60,192,0.1,1536,0.05,sgd,45,0.01,0.6647,0.1488
394,1024,60,192,0.1,1536,0.05,sgd,45,0.01,0.6646,0.2047
499,1024,60,512,0.25,2560,0.005,sgd,45,0.05,0.6643,0.1511
457,1024,60,512,0.1,1536,0.05,sgd,40,0.05,0.664,0.1784
129,512,60,192,0.1,1536,0.005,sgd,40,0.05,0.6635,0.1482
418,1024,60,192,0.25,1536,0.005,sgd,45,0.01,0.6634,0.1662
225,512,60,512,0.25,1536,0.005,sgd,40,0.05,0.6634,0.1534
402,1024,60,192,0.1,2560,0.005,sgd,45,0.01,0.6633,0.1702
386,1024,60,192,0.1,1536,0.005,sgd,45,0.01,0.6621,0.1661
480,1024,60,512,0.25,1536,0.005,sgd,40,0.01,0.6617,0.1547
200,512,60,512,0.1,1536,0.05,sgd,40,0.01,0.6616,0.1918
241,512,60,512,0.25,2560,0.005,sgd,40,0.05,0.6612,0.1645
186,512,60,192,0.25,2560,0.05,sgd,45,0.01,0.6605,0.1674
151,512,60,192,0.1,2560,0.005,adam,45,0.05,0.6602,0.1344
424,1024,60,192,0.25,1536,0.05,sgd,40,0.01,0.66,0.1817
385,1024,60,192,0.1,1536,0.005,sgd,40,0.05,0.6594,0.1567
212,512,60,512,0.1,2560,0.005,adam,40,0.01,0.6594,0.1534
475,1024,60,512,0.1,2560,0.05,sgd,45,0.05,0.6591,0.1648
425,1024,60,192,0.25,1536,0.05,sgd,40,0.05,0.6588,0.1446
449,1024,60,512,0.1,1536,0.005,sgd,40,0.05,0.6585,0.1662
193,512,60,512,0.1,1536,0.005,sgd,40,0.05,0.6574,0.163
395,1024,60,192,0.1,1536,0.05,sgd,45,0.05,0.6572,0.1437
393,1024,60,192,0.1,1536,0.05,sgd,40,0.05,0.6572,0.1309
403,1024,60,192,0.1,2560,0.005,sgd,45,0.05,0.6562,0.1604
409,1024,60,192,0.1,2560,0.05,sgd,40,0.05,0.6559,0.138
164,512,60,192,0.25,1536,0.005,adam,40,0.01,0.6557,0.1652
242,512,60,512,0.25,2560,0.005,sgd,45,0.01,0.6554,0.1581
497,1024,60,512,0.25,2560,0.005,sgd,40,0.05,0.6553,0.155
491,1024,60,512,0.25,1536,0.05,sgd,45,0.05,0.6551,0.1345
450,1024,60,512,0.1,1536,0.005,sgd,45,0.01,0.6547,0.1901
387,1024,60,192,0.1,1536,0.005,sgd,45,0.05,0.6544,0.1393
400,1024,60,192,0.1,2560,0.005,sgd,40,0.01,0.6543,0.174
489,1024,60,512,0.25,1536,0.05,sgd,40,0.05,0.654,0.1798
384,1024,60,192,0.1,1536,0.005,sgd,40,0.01,0.654,0.1775
148,512,60,192,0.1,2560,0.005,adam,40,0.01,0.6536,0.1664
214,512,60,512,0.1,2560,0.005,adam,45,0.01,0.6536,0.1222
422,1024,60,192,0.25,1536,0.005,adam,45,0.01,0.6532,0.1567
465,1024,60,512,0.1,2560,0.005,sgd,40,0.05,0.6532,0.1414
224,512,60,512,0.25,1536,0.005,sgd,40,0.01,0.653,0.1345
162,512,60,192,0.25,1536,0.005,sgd,45,0.01,0.653,0.133
507,1024,60,512,0.25,2560,0.05,sgd,45,0.05,0.6527,0.1533
484,1024,60,512,0.25,1536,0.005,adam,40,0.01,0.6525,0.1974
246,512,60,512,0.25,2560,0.005,adam,45,0.01,0.6525,0.1478
130,512,60,192,0.1,1536,0.005,sgd,45,0.01,0.6517,0.1787
473,1024,60,512,0.1,2560,0.05,sgd,40,0.05,0.6513,0.1349
149,512,60,192,0.1,2560,0.005,adam,40,0.05,0.6513,0.1256
466,1024,60,512,0.1,2560,0.005,sgd,45,0.01,0.6512,0.1714
454,1024,60,512,0.1,1536,0.005,adam,45,0.01,0.651,0.1783
427,1024,60,192,0.25,1536,0.05,sgd,45,0.05,0.651,0.1502
163,512,60,192,0.25,1536,0.005,sgd,45,0.05,0.651,0.1357
233,512,60,512,0.25,1536,0.05,sgd,40,0.05,0.6501,0.1413
192,512,60,512,0.1,1536,0.005,sgd,40,0.01,0.6499,0.1722
131,512,60,192,0.1,1536,0.005,sgd,45,0.05,0.6499,0.1397
201,512,60,512,0.1,1536,0.05,sgd,40,0.05,0.6498,0.1547
240,512,60,512,0.25,2560,0.005,sgd,40,0.01,0.6498,0.1366
459,1024,60,512,0.1,1536,0.05,sgd,45,0.05,0.6497,0.1674
452,1024,60,512,0.1,1536,0.005,adam,40,0.01,0.649,0.1458
436,1024,60,192,0.25,2560,0.005,adam,40,0.01,0.6487,0.1693
210,512,60,512,0.1,2560,0.005,sgd,45,0.01,0.6486,0.1937
448,1024,60,512,0.1,1536,0.005,sgd,40,0.01,0.6482,0.1754
411,1024,60,192,0.1,2560,0.05,sgd,45,0.05,0.6482,0.1331
182,512,60,192,0.25,2560,0.005,adam,45,0.01,0.6477,0.162
161,512,60,192,0.25,1536,0.005,sgd,40,0.05,0.6476,0.1366
488,1024,60,512,0.25,1536,0.05,sgd,40,0.01,0.6469,0.2023
426,1024,60,192,0.25,1536,0.05,sgd,45,0.01,0.6468,0.1938
194,512,60,512,0.1,1536,0.005,sgd,45,0.01,0.6466,0.1726
218,512,60,512,0.1,2560,0.05,sgd,45,0.01,0.6464,0.1782
244,512,60,512,0.25,2560,0.005,adam,40,0.01,0.6458,0.1391
132,512,60,192,0.1,1536,0.005,adam,40,0.01,0.6457,0.1582
198,512,60,512,0.1,1536,0.005,adam,45,0.01,0.6457,0.1512
183,512,60,192,0.25,2560,0.005,adam,45,0.05,0.6457,0.1324
32,512,15,192,0.25,1536,0.005,sgd,40,0.01,0.6455,0.2559
464,1024,60,512,0.1,2560,0.005,sgd,40,0.01,0.6452,0.1807
443,1024,60,192,0.25,2560,0.05,sgd,45,0.05,0.645,0.1703
456,1024,60,512,0.1,1536,0.05,sgd,40,0.01,0.6449,0.2075
505,1024,60,512,0.25,2560,0.05,sgd,40,0.05,0.6449,0.1388
435,1024,60,192,0.25,2560,0.005,sgd,45,0.05,0.6447,0.1415
405,1024,60,192,0.1,2560,0.005,adam,40,0.05,0.6446,0.1397
176,512,60,192,0.25,2560,0.005,sgd,40,0.01,0.6445,0.1291
185,512,60,192,0.25,2560,0.05,sgd,40,0.05,0.6442,0.1286
215,512,60,512,0.1,2560,0.005,adam,45,0.05,0.6442,0.1259
416,1024,60,192,0.25,1536,0.005,sgd,40,0.01,0.6441,0.1461
153,512,60,192,0.1,2560,0.05,sgd,40,0.05,0.6441,0.1361
202,512,60,512,0.1,1536,0.05,sgd,45,0.01,0.644,0.185
209,512,60,512,0.1,2560,0.005,sgd,40,0.05,0.6438,0.1423
144,512,60,192,0.1,2560,0.005,sgd,40,0.01,0.6437,0.1603
154,512,60,192,0.1,2560,0.05,sgd,45,0.01,0.6434,0.1674
208,512,60,512,0.1,2560,0.005,sgd,40,0.01,0.6433,0.1716
440,1024,60,192,0.25,2560,0.05,sgd,40,0.01,0.6432,0.1698
114,512,15,512,0.25,2560,0.005,sgd,45,0.01,0.6428,0.2377
184,512,60,192,0.25,2560,0.05,sgd,40,0.01,0.6426,0.1618
211,512,60,512,0.1,2560,0.005,sgd,45,0.05,0.642,0.1511
152,512,60,192,0.1,2560,0.05,sgd,40,0.01,0.6418,0.1885
195,512,60,512,0.1,1536,0.005,sgd,45,0.05,0.6417,0.1441
180,512,60,192,0.25,2560,0.005,adam,40,0.01,0.6416,0.1695
226,512,60,512,0.25,1536,0.005,sgd,45,0.01,0.6415,0.1405
389,1024,60,192,0.1,1536,0.005,adam,40,0.05,0.6411,0.1502
187,512,60,192,0.25,2560,0.05,sgd,45,0.05,0.6409,0.1487
417,1024,60,192,0.25,1536,0.005,sgd,40,0.05,0.6405,0.1377
178,512,60,192,0.25,2560,0.005,sgd,45,0.01,0.6393,0.1397
98,512,15,512,0.25,1536,0.005,sgd,45,0.01,0.6391,0.2343
437,1024,60,192,0.25,2560,0.005,adam,40,0.05,0.6391,0.121
421,1024,60,192,0.25,1536,0.005,adam,40,0.05,0.6389,0.146
410,1024,60,192,0.1,2560,0.05,sgd,45,0.01,0.6382,0.2235
133,512,60,192,0.1,1536,0.005,adam,40,0.05,0.6381,0.128
404,1024,60,192,0.1,2560,0.005,adam,40,0.01,0.638,0.1702
96,512,15,512,0.25,1536,0.005,sgd,40,0.01,0.6379,0.254
160,512,60,192,0.25,1536,0.005,sgd,40,0.01,0.6358,0.149
167,512,60,192,0.25,1536,0.005,adam,45,0.05,0.6357,0.1303
504,1024,60,512,0.25,2560,0.05,sgd,40,0.01,0.6352,0.2117
150,512,60,192,0.1,2560,0.005,adam,45,0.01,0.635,0.1431
413,1024,60,192,0.1,2560,0.05,adam,40,0.05,0.6349,0.1385
48,512,15,192,0.25,2560,0.005,sgd,40,0.01,0.6347,0.2567
166,512,60,192,0.25,1536,0.005,adam,45,0.01,0.6346,0.1266
136,512,60,192,0.1,1536,0.05,sgd,40,0.01,0.6344,0.173
406,1024,60,192,0.1,2560,0.005,adam,45,0.01,0.6343,0.1965
196,512,60,512,0.1,1536,0.005,adam,40,0.01,0.6341,0.1637
177,512,60,192,0.25,2560,0.005,sgd,40,0.05,0.6341,0.1319
128,512,60,192,0.1,1536,0.005,sgd,40,0.01,0.6336,0.1827
181,512,60,192,0.25,2560,0.005,adam,40,0.05,0.6336,0.1252
468,1024,60,512,0.1,2560,0.005,adam,40,0.01,0.6335,0.1549
33,512,15,192,0.25,1536,0.005,sgd,40,0.05,0.6334,0.2509
420,1024,60,192,0.25,1536,0.005,adam,40,0.01,0.6333,0.1764
490,1024,60,512,0.25,1536,0.05,sgd,45,0.01,0.6332,0.1999
203,512,60,512,0.1,1536,0.05,sgd,45,0.05,0.6331,0.142
399,1024,60,192,0.1,1536,0.05,adam,45,0.05,0.6326,0.1308
441,1024,60,192,0.25,2560,0.05,sgd,40,0.05,0.6323,0.1395
243,512,60,512,0.25,2560,0.005,sgd,45,0.05,0.6322,0.1435
230,512,60,512,0.25,1536,0.005,adam,45,0.01,0.6321,0.1117
304,1024,15,192,0.25,2560,0.005,sgd,40,0.01,0.632,0.2669
487,1024,60,512,0.25,1536,0.005,adam,45,0.05,0.6314,0.1229
486,1024,60,512,0.25,1536,0.005,adam,45,0.01,0.6312,0.1735
50,512,15,192,0.25,2560,0.005,sgd,45,0.01,0.6311,0.2533
228,512,60,512,0.25,1536,0.005,adam,40,0.01,0.6302,0.1232
481,1024,60,512,0.25,1536,0.005,sgd,40,0.05,0.6301,0.1366
34,512,15,192,0.25,1536,0.005,sgd,45,0.01,0.6298,0.2481
288,1024,15,192,0.25,1536,0.005,sgd,40,0.01,0.6295,0.2669
428,1024,60,192,0.25,1536,0.05,adam,40,0.01,0.6292,0.1208
112,512,15,512,0.25,2560,0.005,sgd,40,0.01,0.6289,0.2581
496,1024,60,512,0.25,2560,0.005,sgd,40,0.01,0.6286,0.1625
135,512,60,192,0.1,1536,0.005,adam,45,0.05,0.6284,0.1111
432,1024,60,192,0.25,2560,0.005,sgd,40,0.01,0.6275,0.1412
113,512,15,512,0.25,2560,0.005,sgd,40,0.05,0.6266,0.2452
390,1024,60,192,0.1,1536,0.005,adam,45,0.01,0.6265,0.1938
423,1024,60,192,0.25,1536,0.005,adam,45,0.05,0.6265,0.1482
433,1024,60,192,0.25,2560,0.005,sgd,40,0.05,0.6265,0.1295
35,512,15,192,0.25,1536,0.005,sgd,45,0.05,0.6263,0.2802
146,512,60,192,0.1,2560,0.005,sgd,45,0.01,0.6263,0.1573
500,1024,60,512,0.25,2560,0.005,adam,40,0.01,0.6263,0.1442
172,512,60,192,0.25,1536,0.05,adam,40,0.01,0.6263,0.1183
292,1024,15,192,0.25,1536,0.005,adam,40,0.01,0.6261,0.2704
353,1024,15,512,0.25,1536,0.005,sgd,40,0.05,0.6259,0.2742
99,512,15,512,0.25,1536,0.005,sgd,45,0.05,0.6258,0.275
458,1024,60,512,0.1,1536,0.05,sgd,45,0.01,0.6258,0.1957
139,512,60,192,0.1,1536,0.05,sgd,45,0.05,0.6257,0.1322
219,512,60,512,0.1,2560,0.05,sgd,45,0.05,0.6256,0.1153
369,1024,15,512,0.25,2560,0.005,sgd,40,0.05,0.625,0.2696
134,512,60,192,0.1,1536,0.005,adam,45,0.01,0.6249,0.1309
165,512,60,192,0.25,1536,0.005,adam,40,0.05,0.6244,0.1138
305,1024,15,192,0.25,2560,0.005,sgd,40,0.05,0.6241,0.2836
115,512,15,512,0.25,2560,0.005,sgd,45,0.05,0.6238,0.2713
455,1024,60,512,0.1,1536,0.005,adam,45,0.05,0.6237,0.1149
49,512,15,192,0.25,2560,0.005,sgd,40,0.05,0.623,0.2457
68,512,15,512,0.1,1536,0.005,adam,40,0.01,0.6227,0.2362
352,1024,15,512,0.25,1536,0.005,sgd,40,0.01,0.6224,0.2666
2,512,15,192,0.1,1536,0.005,sgd,45,0.01,0.622,0.2804
472,1024,60,512,0.1,2560,0.05,sgd,40,0.01,0.6214,0.2117
251,512,60,512,0.25,2560,0.05,sgd,45,0.05,0.6213,0.1339
370,1024,15,512,0.25,2560,0.005,sgd,45,0.01,0.6212,0.2871
290,1024,15,192,0.25,1536,0.005,sgd,45,0.01,0.6208,0.2798
306,1024,15,192,0.25,2560,0.005,sgd,45,0.01,0.6206,0.2812
216,512,60,512,0.1,2560,0.05,sgd,40,0.01,0.6204,0.1725
388,1024,60,192,0.1,1536,0.005,adam,40,0.01,0.6201,0.1883
506,1024,60,512,0.25,2560,0.05,sgd,45,0.01,0.62,0.1942
371,1024,15,512,0.25,2560,0.005,sgd,45,0.05,0.6199,0.2902
354,1024,15,512,0.25,1536,0.005,sgd,45,0.01,0.6198,0.2787
289,1024,15,192,0.25,1536,0.005,sgd,40,0.05,0.6197,0.2824
368,1024,15,512,0.25,2560,0.005,sgd,40,0.01,0.6195,0.2682
168,512,60,192,0.25,1536,0.05,sgd,40,0.01,0.6188,0.1647
137,512,60,192,0.1,1536,0.05,sgd,40,0.05,0.6187,0.1575
213,512,60,512,0.1,2560,0.005,adam,40,0.05,0.6185,0.1014
141,512,60,192,0.1,1536,0.05,adam,40,0.05,0.6184,0.1231
52,512,15,192,0.25,2560,0.005,adam,40,0.01,0.6182,0.2692
391,1024,60,192,0.1,1536,0.005,adam,45,0.05,0.6182,0.1597
392,1024,60,192,0.1,1536,0.05,sgd,40,0.01,0.618,0.2034
453,1024,60,512,0.1,1536,0.005,adam,40,0.05,0.6178,0.1156
97,512,15,512,0.25,1536,0.005,sgd,40,0.05,0.6174,0.2809
155,512,60,192,0.1,2560,0.05,sgd,45,0.05,0.6169,0.1675
234,512,60,512,0.25,1536,0.05,sgd,45,0.01,0.6167,0.1512
355,1024,15,512,0.25,1536,0.005,sgd,45,0.05,0.6162,0.2917
199,512,60,512,0.1,1536,0.005,adam,45,0.05,0.6161,0.0999
51,512,15,192,0.25,2560,0.005,sgd,45,0.05,0.6155,0.2815
501,1024,60,512,0.25,2560,0.005,adam,40,0.05,0.6155,0.1101
412,1024,60,192,0.1,2560,0.05,adam,40,0.01,0.6154,0.1073
430,1024,60,192,0.25,1536,0.05,adam,45,0.01,0.6153,0.1102
0,512,15,192,0.1,1536,0.005,sgd,40,0.01,0.6151,0.2909
245,512,60,512,0.25,2560,0.005,adam,40,0.05,0.6145,0.1027
227,512,60,512,0.25,1536,0.005,sgd,45,0.05,0.6144,0.1329
407,1024,60,192,0.1,2560,0.005,adam,45,0.05,0.6141,0.1266
235,512,60,512,0.25,1536,0.05,sgd,45,0.05,0.6138,0.112
342,1024,15,512,0.1,2560,0.005,adam,45,0.01,0.6137,0.2725
307,1024,15,192,0.25,2560,0.005,sgd,45,0.05,0.6129,0.2906
444,1024,60,192,0.25,2560,0.05,adam,40,0.01,0.6122,0.115
174,512,60,192,0.25,1536,0.05,adam,45,0.01,0.612,0.106
142,512,60,192,0.1,1536,0.05,adam,45,0.01,0.6118,0.113
396,1024,60,192,0.1,1536,0.05,adam,40,0.01,0.6114,0.1005
509,1024,60,512,0.25,2560,0.05,adam,40,0.05,0.6112,0.1252
415,1024,60,192,0.1,2560,0.05,adam,45,0.05,0.6111,0.1084
64,512,15,512,0.1,1536,0.005,sgd,40,0.01,0.611,0.2856
470,1024,60,512,0.1,2560,0.005,adam,45,0.01,0.611,0.1956
231,512,60,512,0.25,1536,0.005,adam,45,0.05,0.6105,0.1035
291,1024,15,192,0.25,1536,0.005,sgd,45,0.05,0.6103,0.2909
189,512,60,192,0.25,2560,0.05,adam,40,0.05,0.6102,0.1547
169,512,60,192,0.25,1536,0.05,sgd,40,0.05,0.6096,0.1169
80,512,15,512,0.1,2560,0.005,sgd,40,0.01,0.6093,0.2801
408,1024,60,192,0.1,2560,0.05,sgd,40,0.01,0.6085,0.2497
197,512,60,512,0.1,1536,0.005,adam,40,0.05,0.6064,0.1037
474,1024,60,512,0.1,2560,0.05,sgd,45,0.01,0.606,0.2173
445,1024,60,192,0.25,2560,0.05,adam,40,0.05,0.6059,0.1694
256,1024,15,192,0.1,1536,0.005,sgd,40,0.01,0.6057,0.2949
258,1024,15,192,0.1,1536,0.005,sgd,45,0.01,0.6047,0.3112
18,512,15,192,0.1,2560,0.005,sgd,45,0.01,0.6047,0.2843
476,1024,60,512,0.1,2560,0.05,adam,40,0.01,0.6039,0.1038
274,1024,15,192,0.1,2560,0.005,sgd,45,0.01,0.6035,0.3128
1,512,15,192,0.1,1536,0.005,sgd,40,0.05,0.6029,0.2931
66,512,15,512,0.1,1536,0.005,sgd,45,0.01,0.6022,0.2936
341,1024,15,512,0.1,2560,0.005,adam,40,0.05,0.6021,0.2344
119,512,15,512,0.25,2560,0.005,adam,45,0.05,0.6015,0.2675
248,512,60,512,0.25,2560,0.05,sgd,40,0.01,0.6014,0.1578
6,512,15,192,0.1,1536,0.005,adam,45,0.01,0.6013,0.2574
118,512,15,512,0.25,2560,0.005,adam,45,0.01,0.6011,0.2546
140,512,60,192,0.1,1536,0.05,adam,40,0.01,0.6003,0.097
81,512,15,512,0.1,2560,0.005,sgd,40,0.05,0.5997,0.2844
158,512,60,192,0.1,2560,0.05,adam,45,0.01,0.5991,0.1008
272,1024,15,192,0.1,2560,0.005,sgd,40,0.01,0.5987,0.3059
249,512,60,512,0.25,2560,0.05,sgd,40,0.05,0.5985,0.1214
17,512,15,192,0.1,2560,0.005,sgd,40,0.05,0.5974,0.2999
16,512,15,192,0.1,2560,0.005,sgd,40,0.01,0.5974,0.2986
22,512,15,192,0.1,2560,0.005,adam,45,0.01,0.5971,0.2631
159,512,60,192,0.1,2560,0.05,adam,45,0.05,0.5967,0.1239
86,512,15,512,0.1,2560,0.005,adam,45,0.01,0.5966,0.2449
508,1024,60,512,0.25,2560,0.05,adam,40,0.01,0.5963,0.1
273,1024,15,192,0.1,2560,0.005,sgd,40,0.05,0.5961,0.3083
338,1024,15,512,0.1,2560,0.005,sgd,45,0.01,0.596,0.3166
250,512,60,512,0.25,2560,0.05,sgd,45,0.01,0.5959,0.1167
358,1024,15,512,0.25,1536,0.005,adam,45,0.01,0.5956,0.2979
320,1024,15,512,0.1,1536,0.005,sgd,40,0.01,0.5955,0.3057
56,512,15,192,0.25,2560,0.05,sgd,40,0.01,0.5955,0.2858
323,1024,15,512,0.1,1536,0.005,sgd,45,0.05,0.5949,0.3217
3,512,15,192,0.1,1536,0.005,sgd,45,0.05,0.5948,0.3119
469,1024,60,512,0.1,2560,0.005,adam,40,0.05,0.5946,0.0964
38,512,15,192,0.25,1536,0.005,adam,45,0.01,0.5945,0.2855
65,512,15,512,0.1,1536,0.005,sgd,40,0.05,0.594,0.3104
337,1024,15,512,0.1,2560,0.005,sgd,40,0.05,0.5939,0.3105
217,512,60,512,0.1,2560,0.05,sgd,40,0.05,0.5939,0.1314
374,1024,15,512,0.25,2560,0.005,adam,45,0.01,0.5932,0.1936
229,512,60,512,0.25,1536,0.005,adam,40,0.05,0.5925,0.0893
20,512,15,192,0.1,2560,0.005,adam,40,0.01,0.5924,0.304
100,512,15,512,0.25,1536,0.005,adam,40,0.01,0.5921,0.2839
311,1024,15,192,0.25,2560,0.005,adam,45,0.05,0.5916,0.268
322,1024,15,512,0.1,1536,0.005,sgd,45,0.01,0.5914,0.314
503,1024,60,512,0.25,2560,0.005,adam,45,0.05,0.5901,0.1278
257,1024,15,192,0.1,1536,0.005,sgd,40,0.05,0.5886,0.3152
102,512,15,512,0.25,1536,0.005,adam,45,0.01,0.5883,0.2692
19,512,15,192,0.1,2560,0.005,sgd,45,0.05,0.5875,0.3018
36,512,15,192,0.25,1536,0.005,adam,40,0.01,0.5871,0.3044
431,1024,60,192,0.25,1536,0.05,adam,45,0.05,0.5871,0.1426
321,1024,15,512,0.1,1536,0.005,sgd,40,0.05,0.586,0.3121
259,1024,15,192,0.1,1536,0.005,sgd,45,0.05,0.5857,0.3186
275,1024,15,192,0.1,2560,0.005,sgd,45,0.05,0.5855,0.3177
339,1024,15,512,0.1,2560,0.005,sgd,45,0.05,0.5851,0.3222
398,1024,60,192,0.1,1536,0.05,adam,45,0.01,0.5844,0.0917
188,512,60,192,0.25,2560,0.05,adam,40,0.01,0.5832,0.1014
373,1024,15,512,0.25,2560,0.005,adam,40,0.05,0.5829,0.2254
67,512,15,512,0.1,1536,0.005,sgd,45,0.05,0.5828,0.3171
336,1024,15,512,0.1,2560,0.005,sgd,40,0.01,0.5821,0.3063
175,512,60,192,0.25,1536,0.05,adam,45,0.05,0.5817,0.1765
357,1024,15,512,0.25,1536,0.005,adam,40,0.05,0.5802,0.2568
190,512,60,192,0.25,2560,0.05,adam,45,0.01,0.5789,0.088
414,1024,60,192,0.1,2560,0.05,adam,45,0.01,0.5786,0.1013
42,512,15,192,0.25,1536,0.05,sgd,45,0.01,0.5784,0.294
24,512,15,192,0.1,2560,0.05,sgd,40,0.01,0.5783,0.3227
297,1024,15,192,0.25,1536,0.05,sgd,40,0.05,0.578,0.2905
74,512,15,512,0.1,1536,0.05,sgd,45,0.01,0.5764,0.2786
103,512,15,512,0.25,1536,0.005,adam,45,0.05,0.5764,0.2422
260,1024,15,192,0.1,1536,0.005,adam,40,0.01,0.5742,0.2819
8,512,15,192,0.1,1536,0.05,sgd,40,0.01,0.5739,0.32
471,1024,60,512,0.1,2560,0.005,adam,45,0.05,0.5731,0.1074
173,512,60,192,0.25,1536,0.05,adam,40,0.05,0.5712,0.1686
330,1024,15,512,0.1,1536,0.05,sgd,45,0.01,0.5702,0.294
313,1024,15,192,0.25,2560,0.05,sgd,40,0.05,0.5702,0.2818
314,1024,15,192,0.25,2560,0.05,sgd,45,0.01,0.5699,0.3067
262,1024,15,192,0.1,1536,0.005,adam,45,0.01,0.5692,0.3294
298,1024,15,192,0.25,1536,0.05,sgd,45,0.01,0.5692,0.291
84,512,15,512,0.1,2560,0.005,adam,40,0.01,0.569,0.2938
75,512,15,512,0.1,1536,0.05,sgd,45,0.05,0.5686,0.29
170,512,60,192,0.25,1536,0.05,sgd,45,0.01,0.5683,0.1527
326,1024,15,512,0.1,1536,0.005,adam,45,0.01,0.5676,0.2776
156,512,60,192,0.1,2560,0.05,adam,40,0.01,0.5671,0.1085
57,512,15,192,0.25,2560,0.05,sgd,40,0.05,0.5659,0.2572
356,1024,15,512,0.25,1536,0.005,adam,40,0.01,0.5649,0.3152
157,512,60,192,0.1,2560,0.05,adam,40,0.05,0.5634,0.135
296,1024,15,192,0.25,1536,0.05,sgd,40,0.01,0.5623,0.3295
82,512,15,512,0.1,2560,0.005,sgd,45,0.01,0.5621,0.3137
4,512,15,192,0.1,1536,0.005,adam,40,0.01,0.562,0.2922
359,1024,15,512,0.25,1536,0.005,adam,45,0.05,0.562,0.2181
83,512,15,512,0.1,2560,0.005,sgd,45,0.05,0.5619,0.3223
247,512,60,512,0.25,2560,0.005,adam,45,0.05,0.5611,0.0825
41,512,15,192,0.25,1536,0.05,sgd,40,0.05,0.5609,0.2368
280,1024,15,192,0.1,2560,0.05,sgd,40,0.01,0.5598,0.3238
282,1024,15,192,0.1,2560,0.05,sgd,45,0.01,0.5597,0.2873
295,1024,15,192,0.25,1536,0.005,adam,45,0.05,0.5597,0.2769
377,1024,15,512,0.25,2560,0.05,sgd,40,0.05,0.5597,0.2578
104,512,15,512,0.25,1536,0.05,sgd,40,0.01,0.559,0.3086
502,1024,60,512,0.25,2560,0.005,adam,45,0.01,0.5587,0.125
375,1024,15,512,0.25,2560,0.005,adam,45,0.05,0.5586,0.2417
90,512,15,512,0.1,2560,0.05,sgd,45,0.01,0.5585,0.259
237,512,60,512,0.25,1536,0.05,adam,40,0.05,0.5582,0.1152
447,1024,60,192,0.25,2560,0.05,adam,45,0.05,0.5577,0.1535
446,1024,60,192,0.25,2560,0.05,adam,45,0.01,0.5575,0.1059
378,1024,15,512,0.25,2560,0.05,sgd,45,0.01,0.556,0.3013
265,1024,15,192,0.1,1536,0.05,sgd,40,0.05,0.5549,0.3368
477,1024,60,512,0.1,2560,0.05,adam,40,0.05,0.5549,0.0869
494,1024,60,512,0.25,1536,0.05,adam,45,0.01,0.5548,0.0848
143,512,60,192,0.1,1536,0.05,adam,45,0.05,0.5541,0.1321
91,512,15,512,0.1,2560,0.05,sgd,45,0.05,0.554,0.2931
361,1024,15,512,0.25,1536,0.05,sgd,40,0.05,0.5538,0.2633
312,1024,15,192,0.25,2560,0.05,sgd,40,0.01,0.5536,0.3095
205,512,60,512,0.1,1536,0.05,adam,40,0.05,0.553,0.1633
27,512,15,192,0.1,2560,0.05,sgd,45,0.05,0.5511,0.3087
59,512,15,192,0.25,2560,0.05,sgd,45,0.05,0.5501,0.2694
266,1024,15,192,0.1,1536,0.05,sgd,45,0.01,0.55,0.2732
54,512,15,192,0.25,2560,0.005,adam,45,0.01,0.5494,0.2892
346,1024,15,512,0.1,2560,0.05,sgd,45,0.01,0.5493,0.3484
222,512,60,512,0.1,2560,0.05,adam,45,0.01,0.5493,0.1262
70,512,15,512,0.1,1536,0.005,adam,45,0.01,0.5488,0.2937
73,512,15,512,0.1,1536,0.05,sgd,40,0.05,0.5483,0.2983
485,1024,60,512,0.25,1536,0.005,adam,40,0.05,0.5474,0.1022
325,1024,15,512,0.1,1536,0.005,adam,40,0.05,0.5471,0.2982
362,1024,15,512,0.25,1536,0.05,sgd,45,0.01,0.5469,0.313
107,512,15,512,0.25,1536,0.05,sgd,45,0.05,0.5465,0.2826
345,1024,15,512,0.1,2560,0.05,sgd,40,0.05,0.5456,0.2877
267,1024,15,192,0.1,1536,0.05,sgd,45,0.05,0.5451,0.333
58,512,15,192,0.25,2560,0.05,sgd,45,0.01,0.5449,0.3217
71,512,15,512,0.1,1536,0.005,adam,45,0.05,0.5446,0.2743
299,1024,15,192,0.25,1536,0.05,sgd,45,0.05,0.5445,0.3007
116,512,15,512,0.25,2560,0.005,adam,40,0.01,0.5443,0.278
106,512,15,512,0.25,1536,0.05,sgd,45,0.01,0.5433,0.3282
331,1024,15,512,0.1,1536,0.05,sgd,45,0.05,0.543,0.315
69,512,15,512,0.1,1536,0.005,adam,40,0.05,0.5424,0.2457
105,512,15,512,0.25,1536,0.05,sgd,40,0.05,0.5422,0.3279
26,512,15,192,0.1,2560,0.05,sgd,45,0.01,0.5419,0.3414
281,1024,15,192,0.1,2560,0.05,sgd,40,0.05,0.5393,0.314
120,512,15,512,0.25,2560,0.05,sgd,40,0.01,0.5389,0.3364
87,512,15,512,0.1,2560,0.005,adam,45,0.05,0.5368,0.2978
328,1024,15,512,0.1,1536,0.05,sgd,40,0.01,0.5351,0.3046
89,512,15,512,0.1,2560,0.05,sgd,40,0.05,0.5345,0.2688
329,1024,15,512,0.1,1536,0.05,sgd,40,0.05,0.534,0.3176
309,1024,15,192,0.25,2560,0.005,adam,40,0.05,0.5339,0.3166
263,1024,15,192,0.1,1536,0.005,adam,45,0.05,0.5336,0.3261
429,1024,60,192,0.25,1536,0.05,adam,40,0.05,0.5335,0.1485
261,1024,15,192,0.1,1536,0.005,adam,40,0.05,0.5324,0.3113
62,512,15,192,0.25,2560,0.05,adam,45,0.01,0.5324,0.266
310,1024,15,192,0.25,2560,0.005,adam,45,0.01,0.5321,0.3476
276,1024,15,192,0.1,2560,0.005,adam,40,0.01,0.532,0.3292
221,512,60,512,0.1,2560,0.05,adam,40,0.05,0.5308,0.1285
72,512,15,512,0.1,1536,0.05,sgd,40,0.01,0.53,0.3345
236,512,60,512,0.25,1536,0.05,adam,40,0.01,0.5295,0.1045
88,512,15,512,0.1,2560,0.05,sgd,40,0.01,0.5293,0.325
270,1024,15,192,0.1,1536,0.05,adam,45,0.01,0.5289,0.3061
347,1024,15,512,0.1,2560,0.05,sgd,45,0.05,0.5252,0.3164
344,1024,15,512,0.1,2560,0.05,sgd,40,0.01,0.5236,0.3467
340,1024,15,512,0.1,2560,0.005,adam,40,0.01,0.5225,0.3107
293,1024,15,192,0.25,1536,0.005,adam,40,0.05,0.5224,0.3011
122,512,15,512,0.25,2560,0.05,sgd,45,0.01,0.5212,0.3265
302,1024,15,192,0.25,1536,0.05,adam,45,0.01,0.5194,0.2971
324,1024,15,512,0.1,1536,0.005,adam,40,0.01,0.5187,0.324
308,1024,15,192,0.25,2560,0.005,adam,40,0.01,0.5167,0.3174
286,1024,15,192,0.1,2560,0.05,adam,45,0.01,0.516,0.285
10,512,15,192,0.1,1536,0.05,sgd,45,0.01,0.5149,0.3086
315,1024,15,192,0.25,2560,0.05,sgd,45,0.05,0.5146,0.3116
376,1024,15,512,0.25,2560,0.05,sgd,40,0.01,0.5137,0.3449
223,512,60,512,0.1,2560,0.05,adam,45,0.05,0.5137,0.1248
123,512,15,512,0.25,2560,0.05,sgd,45,0.05,0.5121,0.3221
277,1024,15,192,0.1,2560,0.005,adam,40,0.05,0.5118,0.3069
121,512,15,512,0.25,2560,0.05,sgd,40,0.05,0.5112,0.3062
278,1024,15,192,0.1,2560,0.005,adam,45,0.01,0.509,0.2941
463,1024,60,512,0.1,1536,0.05,adam,45,0.05,0.5084,0.128
439,1024,60,192,0.25,2560,0.005,adam,45,0.05,0.5083,0.1132
283,1024,15,192,0.1,2560,0.05,sgd,45,0.05,0.5078,0.2981
40,512,15,192,0.25,1536,0.05,sgd,40,0.01,0.506,0.3338
43,512,15,192,0.25,1536,0.05,sgd,45,0.05,0.5052,0.311
460,1024,60,512,0.1,1536,0.05,adam,40,0.01,0.5034,0.1114
271,1024,15,192,0.1,1536,0.05,adam,45,0.05,0.5032,0.3144
372,1024,15,512,0.25,2560,0.005,adam,40,0.01,0.5018,0.3351
30,512,15,192,0.1,2560,0.05,adam,45,0.01,0.501,0.2725
493,1024,60,512,0.25,1536,0.05,adam,40,0.05,0.4973,0.1496
349,1024,15,512,0.1,2560,0.05,adam,40,0.05,0.4962,0.2115
207,512,60,512,0.1,1536,0.05,adam,45,0.05,0.4951,0.1169
126,512,15,512,0.25,2560,0.05,adam,45,0.01,0.495,0.2677
9,512,15,192,0.1,1536,0.05,sgd,40,0.05,0.4944,0.2778
264,1024,15,192,0.1,1536,0.05,sgd,40,0.01,0.4936,0.3518
495,1024,60,512,0.25,1536,0.05,adam,45,0.05,0.4934,0.1362
294,1024,15,192,0.25,1536,0.005,adam,45,0.01,0.492,0.3259
238,512,60,512,0.25,1536,0.05,adam,45,0.01,0.4912,0.1117
327,1024,15,512,0.1,1536,0.005,adam,45,0.05,0.4904,0.2149
379,1024,15,512,0.25,2560,0.05,sgd,45,0.05,0.4883,0.3585
360,1024,15,512,0.25,1536,0.05,sgd,40,0.01,0.4853,0.3123
363,1024,15,512,0.25,1536,0.05,sgd,45,0.05,0.4822,0.3133
85,512,15,512,0.1,2560,0.005,adam,40,0.05,0.481,0.2178
279,1024,15,192,0.1,2560,0.005,adam,45,0.05,0.4806,0.3424
343,1024,15,512,0.1,2560,0.005,adam,45,0.05,0.4799,0.2813
11,512,15,192,0.1,1536,0.05,sgd,45,0.05,0.4785,0.3041
318,1024,15,192,0.25,2560,0.05,adam,45,0.01,0.4731,0.2681
367,1024,15,512,0.25,1536,0.05,adam,45,0.05,0.4727,0.318
252,512,60,512,0.25,2560,0.05,adam,40,0.01,0.4666,0.0682
317,1024,15,192,0.25,2560,0.05,adam,40,0.05,0.4608,0.2926
117,512,15,512,0.25,2560,0.005,adam,40,0.05,0.4605,0.1967
55,512,15,192,0.25,2560,0.005,adam,45,0.05,0.4564,0.225
25,512,15,192,0.1,2560,0.05,sgd,40,0.05,0.4558,0.3439
316,1024,15,192,0.25,2560,0.05,adam,40,0.01,0.4517,0.1795
319,1024,15,192,0.25,2560,0.05,adam,45,0.05,0.45,0.3099
101,512,15,512,0.25,1536,0.005,adam,40,0.05,0.4497,0.2499
7,512,15,192,0.1,1536,0.005,adam,45,0.05,0.4492,0.3474
301,1024,15,192,0.25,1536,0.05,adam,40,0.05,0.4487,0.2327
21,512,15,192,0.1,2560,0.005,adam,40,0.05,0.4485,0.2226
23,512,15,192,0.1,2560,0.005,adam,45,0.05,0.4476,0.2373
333,1024,15,512,0.1,1536,0.05,adam,40,0.05,0.4445,0.2909
397,1024,60,192,0.1,1536,0.05,adam,40,0.05,0.4378,0.0909
239,512,60,512,0.25,1536,0.05,adam,45,0.05,0.4374,0.0677
5,512,15,192,0.1,1536,0.005,adam,40,0.05,0.4346,0.3113
92,512,15,512,0.1,2560,0.05,adam,40,0.01,0.4335,0.2097
28,512,15,192,0.1,2560,0.05,adam,40,0.01,0.4313,0.24
269,1024,15,192,0.1,1536,0.05,adam,40,0.05,0.4278,0.2716
287,1024,15,192,0.1,2560,0.05,adam,45,0.05,0.4268,0.2932
39,512,15,192,0.25,1536,0.005,adam,45,0.05,0.4262,0.2651
76,512,15,512,0.1,1536,0.05,adam,40,0.01,0.4234,0.2256
60,512,15,192,0.25,2560,0.05,adam,40,0.01,0.4225,0.2109
365,1024,15,512,0.25,1536,0.05,adam,40,0.05,0.4214,0.2537
44,512,15,192,0.25,1536,0.05,adam,40,0.01,0.418,0.2306
124,512,15,512,0.25,2560,0.05,adam,40,0.01,0.4168,0.1778
37,512,15,192,0.25,1536,0.005,adam,40,0.05,0.4133,0.2387
478,1024,60,512,0.1,2560,0.05,adam,45,0.01,0.4123,0.078
253,512,60,512,0.25,2560,0.05,adam,40,0.05,0.4111,0.0993
206,512,60,512,0.1,1536,0.05,adam,45,0.01,0.4097,0.0889
191,512,60,192,0.25,2560,0.05,adam,45,0.05,0.4077,0.1063
300,1024,15,192,0.25,1536,0.05,adam,40,0.01,0.4074,0.1863
511,1024,60,512,0.25,2560,0.05,adam,45,0.05,0.4032,0.099
366,1024,15,512,0.25,1536,0.05,adam,45,0.01,0.4009,0.2173
14,512,15,192,0.1,1536,0.05,adam,45,0.01,0.4,0.2608
510,1024,60,512,0.25,2560,0.05,adam,45,0.01,0.3988,0.0497
220,512,60,512,0.1,2560,0.05,adam,40,0.01,0.3952,0.06
284,1024,15,192,0.1,2560,0.05,adam,40,0.01,0.395,0.2521
335,1024,15,512,0.1,1536,0.05,adam,45,0.05,0.3916,0.288
381,1024,15,512,0.25,2560,0.05,adam,40,0.05,0.3874,0.2625
351,1024,15,512,0.1,2560,0.05,adam,45,0.05,0.3829,0.2747
348,1024,15,512,0.1,2560,0.05,adam,40,0.01,0.3818,0.1446
61,512,15,192,0.25,2560,0.05,adam,40,0.05,0.381,0.2604
204,512,60,512,0.1,1536,0.05,adam,40,0.01,0.3788,0.0901
53,512,15,192,0.25,2560,0.005,adam,40,0.05,0.3761,0.2612
46,512,15,192,0.25,1536,0.05,adam,45,0.01,0.3751,0.1524
332,1024,15,512,0.1,1536,0.05,adam,40,0.01,0.374,0.1807
255,512,60,512,0.25,2560,0.05,adam,45,0.05,0.3727,0.0792
383,1024,15,512,0.25,2560,0.05,adam,45,0.05,0.3716,0.2278
303,1024,15,192,0.25,1536,0.05,adam,45,0.05,0.3683,0.3129
93,512,15,512,0.1,2560,0.05,adam,40,0.05,0.3679,0.172
285,1024,15,192,0.1,2560,0.05,adam,40,0.05,0.3659,0.2816
462,1024,60,512,0.1,1536,0.05,adam,45,0.01,0.3633,0.0645
108,512,15,512,0.25,1536,0.05,adam,40,0.01,0.3621,0.1644
77,512,15,512,0.1,1536,0.05,adam,40,0.05,0.3617,0.1774
461,1024,60,512,0.1,1536,0.05,adam,40,0.05,0.3592,0.0798
254,512,60,512,0.25,2560,0.05,adam,45,0.01,0.3492,0.0864
79,512,15,512,0.1,1536,0.05,adam,45,0.05,0.3408,0.2001
380,1024,15,512,0.25,2560,0.05,adam,40,0.01,0.3394,0.1283
268,1024,15,192,0.1,1536,0.05,adam,40,0.01,0.3339,0.1858
125,512,15,512,0.25,2560,0.05,adam,40,0.05,0.3295,0.1962
109,512,15,512,0.25,1536,0.05,adam,40,0.05,0.325,0.1805
29,512,15,192,0.1,2560,0.05,adam,40,0.05,0.3247,0.1908
94,512,15,512,0.1,2560,0.05,adam,45,0.01,0.3247,0.1311
492,1024,60,512,0.25,1536,0.05,adam,40,0.01,0.3211,0.0505
127,512,15,512,0.25,2560,0.05,adam,45,0.05,0.2915,0.1648
95,512,15,512,0.1,2560,0.05,adam,45,0.05,0.289,0.2123
13,512,15,192,0.1,1536,0.05,adam,40,0.05,0.2805,0.2
45,512,15,192,0.25,1536,0.05,adam,40,0.05,0.2791,0.2092
111,512,15,512,0.25,1536,0.05,adam,45,0.05,0.2774,0.192
110,512,15,512,0.25,1536,0.05,adam,45,0.01,0.2756,0.1355
334,1024,15,512,0.1,1536,0.05,adam,45,0.01,0.2729,0.1465
31,512,15,192,0.1,2560,0.05,adam,45,0.05,0.2679,0.2091
12,512,15,192,0.1,1536,0.05,adam,40,0.01,0.26,0.1213
47,512,15,192,0.25,1536,0.05,adam,45,0.05,0.2594,0.194
479,1024,60,512,0.1,2560,0.05,adam,45,0.05,0.2587,0.0612
382,1024,15,512,0.25,2560,0.05,adam,45,0.01,0.2573,0.1091
78,512,15,512,0.1,1536,0.05,adam,45,0.01,0.2519,0.1077
63,512,15,192,0.25,2560,0.05,adam,45,0.05,0.2336,0.1622
350,1024,15,512,0.1,2560,0.05,adam,45,0.01,0.1916,0.1673
15,512,15,192,0.1,1536,0.05,adam,45,0.05,0.1215,0.0974
364,1024,15,512,0.25,1536,0.05,adam,40,0.01,0.1068,0.088
